DES MANUSCRITS. 447

Ms. latin 4983. 55 44-34, 39, 44,54,54, 443,445; pl. Il. “-·-·
- 4984. 55 39, 48, 54. ffl
— 4985. 55 43-45, 54, 94, 404, 447-449, 444, 447445, mm

448, 449, 454, 453, 440, 443,443,445.
- 4986. 55 74, 75, 78·81, 89, 90, 96, 97, 99, 404, 447.
449, 449, 444, 453.
- 4987. 55 39, 74, 75, 80, 84, 447449, 454, 453, 454,
443,445. ι
- 4988. 55 74. 79,85,88,96, 400, 440, 443, 446, 448,
454.
- 4989. 55 74, 7884, 8486, 9ο, 94, 96, 97, 400, 404,
443, 446, 447, 449-444, 447, 448, 454-453.
- 4990.ι 5574,79,85,96,400,443,446,448,454.
- 5034. 5539,46,54.
· - 5034. 5539,54.
—— 5033. 5539,48,54,55,83.
- 5034. 5539,46,54,55.
- 5035. 5548,54,84,90,448,453.
-- 5036. 5575,80,84,9ο,97.
- 503645574, 80,.89, 404, 447, 444, 444, 449, 448,
“ 454, 454, 440, 443.
- 5043. 55 36,46, 54, 8ο, 84, 94, 406, 409, 440, 447,
444, 448, 449, 454, 453, 440, 443.
- 5478. 5454.
- 5488. 5548,54.
- 5406. 5583, 438,439.
- 5407. 55435, 438,.439.
- 5486. 55 464,463,465-468,474,479,480,493,499,4οο
- 5487. 55494,499.
- 5488. 5494.
- 5949. 55 88·90,96,97,404,404, 404, 406, 407,ιο9,
444, 446, 446, 448, 449, 454.
- 5930. 559394.
- 5988. 5589,403.
- 6489. 55 76,77, 83.

 

